  -3.000000e+01
  -2.994129e+01
  -2.988258e+01
  -2.982387e+01
  -2.976517e+01
  -2.970646e+01
  -2.964775e+01
  -2.958904e+01
  -2.953033e+01
  -2.947162e+01
  -2.941292e+01
  -2.935421e+01
  -2.929550e+01
  -2.923679e+01
  -2.917808e+01
  -2.911937e+01
  -2.906067e+01
  -2.900196e+01
  -2.894325e+01
  -2.888454e+01
  -2.882583e+01
  -2.876712e+01
  -2.870841e+01
  -2.864971e+01
  -2.859100e+01
  -2.853229e+01
  -2.847358e+01
  -2.841487e+01
  -2.835616e+01
  -2.829746e+01
  -2.823875e+01
  -2.818004e+01
  -2.812133e+01
  -2.806262e+01
  -2.800391e+01
  -2.794521e+01
  -2.788650e+01
  -2.782779e+01
  -2.776908e+01
  -2.771037e+01
  -2.765166e+01
  -2.759295e+01
  -2.753425e+01
  -2.747554e+01
  -2.741683e+01
  -2.735812e+01
  -2.729941e+01
  -2.724070e+01
  -2.718200e+01
  -2.712329e+01
  -2.706458e+01
  -2.700587e+01
  -2.694716e+01
  -2.688845e+01
  -2.682975e+01
  -2.677104e+01
  -2.671233e+01
  -2.665362e+01
  -2.659491e+01
  -2.653620e+01
  -2.647750e+01
  -2.641879e+01
  -2.636008e+01
  -2.630137e+01
  -2.624266e+01
  -2.618395e+01
  -2.612524e+01
  -2.606654e+01
  -2.600783e+01
  -2.594912e+01
  -2.589041e+01
  -2.583170e+01
  -2.577299e+01
  -2.571429e+01
  -2.565558e+01
  -2.559687e+01
  -2.553816e+01
  -2.547945e+01
  -2.542074e+01
  -2.536204e+01
  -2.530333e+01
  -2.524462e+01
  -2.518591e+01
  -2.512720e+01
  -2.506849e+01
  -2.500978e+01
  -2.495108e+01
  -2.489237e+01
  -2.483366e+01
  -2.477495e+01
  -2.471624e+01
  -2.465753e+01
  -2.459883e+01
  -2.454012e+01
  -2.448141e+01
  -2.442270e+01
  -2.436399e+01
  -2.430528e+01
  -2.424658e+01
  -2.418787e+01
  -2.412916e+01
  -2.407045e+01
  -2.401174e+01
  -2.395303e+01
  -2.389432e+01
  -2.383562e+01
  -2.377691e+01
  -2.371820e+01
  -2.365949e+01
  -2.360078e+01
  -2.354207e+01
  -2.348337e+01
  -2.342466e+01
  -2.336595e+01
  -2.330724e+01
  -2.324853e+01
  -2.318982e+01
  -2.313112e+01
  -2.307241e+01
  -2.301370e+01
  -2.295499e+01
  -2.289628e+01
  -2.283757e+01
  -2.277886e+01
  -2.272016e+01
  -2.266145e+01
  -2.260274e+01
  -2.254403e+01
  -2.248532e+01
  -2.242661e+01
  -2.236791e+01
  -2.230920e+01
  -2.225049e+01
  -2.219178e+01
  -2.213307e+01
  -2.207436e+01
  -2.201566e+01
  -2.195695e+01
  -2.189824e+01
  -2.183953e+01
  -2.178082e+01
  -2.172211e+01
  -2.166341e+01
  -2.160470e+01
  -2.154599e+01
  -2.148728e+01
  -2.142857e+01
  -2.136986e+01
  -2.131115e+01
  -2.125245e+01
  -2.119374e+01
  -2.113503e+01
  -2.107632e+01
  -2.101761e+01
  -2.095890e+01
  -2.090020e+01
  -2.084149e+01
  -2.078278e+01
  -2.072407e+01
  -2.066536e+01
  -2.060665e+01
  -2.054795e+01
  -2.048924e+01
  -2.043053e+01
  -2.037182e+01
  -2.031311e+01
  -2.025440e+01
  -2.019569e+01
  -2.013699e+01
  -2.007828e+01
  -2.001957e+01
  -1.996086e+01
  -1.990215e+01
  -1.984344e+01
  -1.978474e+01
  -1.972603e+01
  -1.966732e+01
  -1.960861e+01
  -1.954990e+01
  -1.949119e+01
  -1.943249e+01
  -1.937378e+01
  -1.931507e+01
  -1.925636e+01
  -1.919765e+01
  -1.913894e+01
  -1.908023e+01
  -1.902153e+01
  -1.896282e+01
  -1.890411e+01
  -1.884540e+01
  -1.878669e+01
  -1.872798e+01
  -1.866928e+01
  -1.861057e+01
  -1.855186e+01
  -1.849315e+01
  -1.843444e+01
  -1.837573e+01
  -1.831703e+01
  -1.825832e+01
  -1.819961e+01
  -1.814090e+01
  -1.808219e+01
  -1.802348e+01
  -1.796477e+01
  -1.790607e+01
  -1.784736e+01
  -1.778865e+01
  -1.772994e+01
  -1.767123e+01
  -1.761252e+01
  -1.755382e+01
  -1.749511e+01
  -1.743640e+01
  -1.737769e+01
  -1.731898e+01
  -1.726027e+01
  -1.720157e+01
  -1.714286e+01
  -1.708415e+01
  -1.702544e+01
  -1.696673e+01
  -1.690802e+01
  -1.684932e+01
  -1.679061e+01
  -1.673190e+01
  -1.667319e+01
  -1.661448e+01
  -1.655577e+01
  -1.649706e+01
  -1.643836e+01
  -1.637965e+01
  -1.632094e+01
  -1.626223e+01
  -1.620352e+01
  -1.614481e+01
  -1.608611e+01
  -1.602740e+01
  -1.596869e+01
  -1.590998e+01
  -1.585127e+01
  -1.579256e+01
  -1.573386e+01
  -1.567515e+01
  -1.561644e+01
  -1.555773e+01
  -1.549902e+01
  -1.544031e+01
  -1.538160e+01
  -1.532290e+01
  -1.526419e+01
  -1.520548e+01
  -1.514677e+01
  -1.508806e+01
  -1.502935e+01
  -1.497065e+01
  -1.491194e+01
  -1.485323e+01
  -1.479452e+01
  -1.473581e+01
  -1.467710e+01
  -1.461840e+01
  -1.455969e+01
  -1.450098e+01
  -1.444227e+01
  -1.438356e+01
  -1.432485e+01
  -1.426614e+01
  -1.420744e+01
  -1.414873e+01
  -1.409002e+01
  -1.403131e+01
  -1.397260e+01
  -1.391389e+01
  -1.385519e+01
  -1.379648e+01
  -1.373777e+01
  -1.367906e+01
  -1.362035e+01
  -1.356164e+01
  -1.350294e+01
  -1.344423e+01
  -1.338552e+01
  -1.332681e+01
  -1.326810e+01
  -1.320939e+01
  -1.315068e+01
  -1.309198e+01
  -1.303327e+01
  -1.297456e+01
  -1.291585e+01
  -1.285714e+01
  -1.279843e+01
  -1.273973e+01
  -1.268102e+01
  -1.262231e+01
  -1.256360e+01
  -1.250489e+01
  -1.244618e+01
  -1.238748e+01
  -1.232877e+01
  -1.227006e+01
  -1.221135e+01
  -1.215264e+01
  -1.209393e+01
  -1.203523e+01
  -1.197652e+01
  -1.191781e+01
  -1.185910e+01
  -1.180039e+01
  -1.174168e+01
  -1.168297e+01
  -1.162427e+01
  -1.156556e+01
  -1.150685e+01
  -1.144814e+01
  -1.138943e+01
  -1.133072e+01
  -1.127202e+01
  -1.121331e+01
  -1.115460e+01
  -1.109589e+01
  -1.103718e+01
  -1.097847e+01
  -1.091977e+01
  -1.086106e+01
  -1.080235e+01
  -1.074364e+01
  -1.068493e+01
  -1.062622e+01
  -1.056751e+01
  -1.050881e+01
  -1.045010e+01
  -1.039139e+01
  -1.033268e+01
  -1.027397e+01
  -1.021526e+01
  -1.015656e+01
  -1.009785e+01
  -1.003914e+01
  -9.980431e+00
  -9.921722e+00
  -9.863014e+00
  -9.804305e+00
  -9.745597e+00
  -9.686888e+00
  -9.628180e+00
  -9.569472e+00
  -9.510763e+00
  -9.452055e+00
  -9.393346e+00
  -9.334638e+00
  -9.275930e+00
  -9.217221e+00
  -9.158513e+00
  -9.099804e+00
  -9.041096e+00
  -8.982387e+00
  -8.923679e+00
  -8.864971e+00
  -8.806262e+00
  -8.747554e+00
  -8.688845e+00
  -8.630137e+00
  -8.571429e+00
  -8.512720e+00
  -8.454012e+00
  -8.395303e+00
  -8.336595e+00
  -8.277886e+00
  -8.219178e+00
  -8.160470e+00
  -8.101761e+00
  -8.043053e+00
  -7.984344e+00
  -7.925636e+00
  -7.866928e+00
  -7.808219e+00
  -7.749511e+00
  -7.690802e+00
  -7.632094e+00
  -7.573386e+00
  -7.514677e+00
  -7.455969e+00
  -7.397260e+00
  -7.338552e+00
  -7.279843e+00
  -7.221135e+00
  -7.162427e+00
  -7.103718e+00
  -7.045010e+00
  -6.986301e+00
  -6.927593e+00
  -6.868885e+00
  -6.810176e+00
  -6.751468e+00
  -6.692759e+00
  -6.634051e+00
  -6.575342e+00
  -6.516634e+00
  -6.457926e+00
  -6.399217e+00
  -6.340509e+00
  -6.281800e+00
  -6.223092e+00
  -6.164384e+00
  -6.105675e+00
  -6.046967e+00
  -5.988258e+00
  -5.929550e+00
  -5.870841e+00
  -5.812133e+00
  -5.753425e+00
  -5.694716e+00
  -5.636008e+00
  -5.577299e+00
  -5.518591e+00
  -5.459883e+00
  -5.401174e+00
  -5.342466e+00
  -5.283757e+00
  -5.225049e+00
  -5.166341e+00
  -5.107632e+00
  -5.048924e+00
  -4.990215e+00
  -4.931507e+00
  -4.872798e+00
  -4.814090e+00
  -4.755382e+00
  -4.696673e+00
  -4.637965e+00
  -4.579256e+00
  -4.520548e+00
  -4.461840e+00
  -4.403131e+00
  -4.344423e+00
  -4.285714e+00
  -4.227006e+00
  -4.168297e+00
  -4.109589e+00
  -4.050881e+00
  -3.992172e+00
  -3.933464e+00
  -3.874755e+00
  -3.816047e+00
  -3.757339e+00
  -3.698630e+00
  -3.639922e+00
  -3.581213e+00
  -3.522505e+00
  -3.463796e+00
  -3.405088e+00
  -3.346380e+00
  -3.287671e+00
  -3.228963e+00
  -3.170254e+00
  -3.111546e+00
  -3.052838e+00
  -2.994129e+00
  -2.935421e+00
  -2.876712e+00
  -2.818004e+00
  -2.759295e+00
  -2.700587e+00
  -2.641879e+00
  -2.583170e+00
  -2.524462e+00
  -2.465753e+00
  -2.407045e+00
  -2.348337e+00
  -2.289628e+00
  -2.230920e+00
  -2.172211e+00
  -2.113503e+00
  -2.054795e+00
  -1.996086e+00
  -1.937378e+00
  -1.878669e+00
  -1.819961e+00
  -1.761252e+00
  -1.702544e+00
  -1.643836e+00
  -1.585127e+00
  -1.526419e+00
  -1.467710e+00
  -1.409002e+00
  -1.350294e+00
  -1.291585e+00
  -1.232877e+00
  -1.174168e+00
  -1.115460e+00
  -1.056751e+00
  -9.980431e-01
  -9.393346e-01
  -8.806262e-01
  -8.219178e-01
  -7.632094e-01
  -7.045010e-01
  -6.457926e-01
  -5.870841e-01
  -5.283757e-01
  -4.696673e-01
  -4.109589e-01
  -3.522505e-01
  -2.935421e-01
  -2.348337e-01
  -1.761252e-01
  -1.174168e-01
  -5.870841e-02
  -3.697043e-13
   5.870841e-02
   1.174168e-01
   1.761252e-01
   2.348337e-01
   2.935421e-01
   3.522505e-01
   4.109589e-01
   4.696673e-01
   5.283757e-01
   5.870841e-01
   6.457926e-01
   7.045010e-01
   7.632094e-01
   8.219178e-01
   8.806262e-01
   9.393346e-01
   9.980431e-01
   1.056751e+00
   1.115460e+00
   1.174168e+00
   1.232877e+00
   1.291585e+00
   1.350294e+00
   1.409002e+00
   1.467710e+00
   1.526419e+00
   1.585127e+00
   1.643836e+00
   1.702544e+00
   1.761252e+00
   1.819961e+00
   1.878669e+00
   1.937378e+00
   1.996086e+00
   2.054795e+00
   2.113503e+00
   2.172211e+00
   2.230920e+00
   2.289628e+00
   2.348337e+00
   2.407045e+00
   2.465753e+00
   2.524462e+00
   2.583170e+00
   2.641879e+00
   2.700587e+00
   2.759295e+00
   2.818004e+00
   2.876712e+00
   2.935421e+00
   2.994129e+00
   3.052838e+00
   3.111546e+00
   3.170254e+00
   3.228963e+00
   3.287671e+00
   3.346380e+00
   3.405088e+00
   3.463796e+00
   3.522505e+00
   3.581213e+00
   3.639922e+00
   3.698630e+00
   3.757339e+00
   3.816047e+00
   3.874755e+00
   3.933464e+00
   3.992172e+00
   4.050881e+00
   4.109589e+00
   4.168297e+00
   4.227006e+00
   4.285714e+00
   4.344423e+00
   4.403131e+00
   4.461840e+00
   4.520548e+00
   4.579256e+00
   4.637965e+00
   4.696673e+00
   4.755382e+00
   4.814090e+00
   4.872798e+00
   4.931507e+00
   4.990215e+00
   5.048924e+00
   5.107632e+00
   5.166341e+00
   5.225049e+00
   5.283757e+00
   5.342466e+00
   5.401174e+00
   5.459883e+00
   5.518591e+00
   5.577299e+00
   5.636008e+00
   5.694716e+00
   5.753425e+00
   5.812133e+00
   5.870841e+00
   5.929550e+00
   5.988258e+00
   6.046967e+00
   6.105675e+00
   6.164384e+00
   6.223092e+00
   6.281800e+00
   6.340509e+00
   6.399217e+00
   6.457926e+00
   6.516634e+00
   6.575342e+00
   6.634051e+00
   6.692759e+00
   6.751468e+00
   6.810176e+00
   6.868885e+00
   6.927593e+00
   6.986301e+00
   7.045010e+00
   7.103718e+00
   7.162427e+00
   7.221135e+00
   7.279843e+00
   7.338552e+00
   7.397260e+00
   7.455969e+00
   7.514677e+00
   7.573386e+00
   7.632094e+00
   7.690802e+00
   7.749511e+00
   7.808219e+00
   7.866928e+00
   7.925636e+00
   7.984344e+00
   8.043053e+00
   8.101761e+00
   8.160470e+00
   8.219178e+00
   8.277886e+00
   8.336595e+00
   8.395303e+00
   8.454012e+00
   8.512720e+00
   8.571429e+00
   8.630137e+00
   8.688845e+00
   8.747554e+00
   8.806262e+00
   8.864971e+00
   8.923679e+00
   8.982387e+00
   9.041096e+00
   9.099804e+00
   9.158513e+00
   9.217221e+00
   9.275930e+00
   9.334638e+00
   9.393346e+00
   9.452055e+00
   9.510763e+00
   9.569472e+00
   9.628180e+00
   9.686888e+00
   9.745597e+00
   9.804305e+00
   9.863014e+00
   9.921722e+00
   9.980431e+00
   1.003914e+01
   1.009785e+01
   1.015656e+01
   1.021526e+01
   1.027397e+01
   1.033268e+01
   1.039139e+01
   1.045010e+01
   1.050881e+01
   1.056751e+01
   1.062622e+01
   1.068493e+01
   1.074364e+01
   1.080235e+01
   1.086106e+01
   1.091977e+01
   1.097847e+01
   1.103718e+01
   1.109589e+01
   1.115460e+01
   1.121331e+01
   1.127202e+01
   1.133072e+01
   1.138943e+01
   1.144814e+01
   1.150685e+01
   1.156556e+01
   1.162427e+01
   1.168297e+01
   1.174168e+01
   1.180039e+01
   1.185910e+01
   1.191781e+01
   1.197652e+01
   1.203523e+01
   1.209393e+01
   1.215264e+01
   1.221135e+01
   1.227006e+01
   1.232877e+01
   1.238748e+01
   1.244618e+01
   1.250489e+01
   1.256360e+01
   1.262231e+01
   1.268102e+01
   1.273973e+01
   1.279843e+01
   1.285714e+01
   1.291585e+01
   1.297456e+01
   1.303327e+01
   1.309198e+01
   1.315068e+01
   1.320939e+01
   1.326810e+01
   1.332681e+01
   1.338552e+01
   1.344423e+01
   1.350294e+01
   1.356164e+01
   1.362035e+01
   1.367906e+01
   1.373777e+01
   1.379648e+01
   1.385519e+01
   1.391389e+01
   1.397260e+01
   1.403131e+01
   1.409002e+01
   1.414873e+01
   1.420744e+01
   1.426614e+01
   1.432485e+01
   1.438356e+01
   1.444227e+01
   1.450098e+01
   1.455969e+01
   1.461840e+01
   1.467710e+01
   1.473581e+01
   1.479452e+01
   1.485323e+01
   1.491194e+01
   1.497065e+01
   1.502935e+01
   1.508806e+01
   1.514677e+01
   1.520548e+01
   1.526419e+01
   1.532290e+01
   1.538160e+01
   1.544031e+01
   1.549902e+01
   1.555773e+01
   1.561644e+01
   1.567515e+01
   1.573386e+01
   1.579256e+01
   1.585127e+01
   1.590998e+01
   1.596869e+01
   1.602740e+01
   1.608611e+01
   1.614481e+01
   1.620352e+01
   1.626223e+01
   1.632094e+01
   1.637965e+01
   1.643836e+01
   1.649706e+01
   1.655577e+01
   1.661448e+01
   1.667319e+01
   1.673190e+01
   1.679061e+01
   1.684932e+01
   1.690802e+01
   1.696673e+01
   1.702544e+01
   1.708415e+01
   1.714286e+01
   1.720157e+01
   1.726027e+01
   1.731898e+01
   1.737769e+01
   1.743640e+01
   1.749511e+01
   1.755382e+01
   1.761252e+01
   1.767123e+01
   1.772994e+01
   1.778865e+01
   1.784736e+01
   1.790607e+01
   1.796477e+01
   1.802348e+01
   1.808219e+01
   1.814090e+01
   1.819961e+01
   1.825832e+01
   1.831703e+01
   1.837573e+01
   1.843444e+01
   1.849315e+01
   1.855186e+01
   1.861057e+01
   1.866928e+01
   1.872798e+01
   1.878669e+01
   1.884540e+01
   1.890411e+01
   1.896282e+01
   1.902153e+01
   1.908023e+01
   1.913894e+01
   1.919765e+01
   1.925636e+01
   1.931507e+01
   1.937378e+01
   1.943249e+01
   1.949119e+01
   1.954990e+01
   1.960861e+01
   1.966732e+01
   1.972603e+01
   1.978474e+01
   1.984344e+01
   1.990215e+01
   1.996086e+01
   2.001957e+01
   2.007828e+01
   2.013699e+01
   2.019569e+01
   2.025440e+01
   2.031311e+01
   2.037182e+01
   2.043053e+01
   2.048924e+01
   2.054795e+01
   2.060665e+01
   2.066536e+01
   2.072407e+01
   2.078278e+01
   2.084149e+01
   2.090020e+01
   2.095890e+01
   2.101761e+01
   2.107632e+01
   2.113503e+01
   2.119374e+01
   2.125245e+01
   2.131115e+01
   2.136986e+01
   2.142857e+01
   2.148728e+01
   2.154599e+01
   2.160470e+01
   2.166341e+01
   2.172211e+01
   2.178082e+01
   2.183953e+01
   2.189824e+01
   2.195695e+01
   2.201566e+01
   2.207436e+01
   2.213307e+01
   2.219178e+01
   2.225049e+01
   2.230920e+01
   2.236791e+01
   2.242661e+01
   2.248532e+01
   2.254403e+01
   2.260274e+01
   2.266145e+01
   2.272016e+01
   2.277886e+01
   2.283757e+01
   2.289628e+01
   2.295499e+01
   2.301370e+01
   2.307241e+01
   2.313112e+01
   2.318982e+01
   2.324853e+01
   2.330724e+01
   2.336595e+01
   2.342466e+01
   2.348337e+01
   2.354207e+01
   2.360078e+01
   2.365949e+01
   2.371820e+01
   2.377691e+01
   2.383562e+01
   2.389432e+01
   2.395303e+01
   2.401174e+01
   2.407045e+01
   2.412916e+01
   2.418787e+01
   2.424658e+01
   2.430528e+01
   2.436399e+01
   2.442270e+01
   2.448141e+01
   2.454012e+01
   2.459883e+01
   2.465753e+01
   2.471624e+01
   2.477495e+01
   2.483366e+01
   2.489237e+01
   2.495108e+01
   2.500978e+01
   2.506849e+01
   2.512720e+01
   2.518591e+01
   2.524462e+01
   2.530333e+01
   2.536204e+01
   2.542074e+01
   2.547945e+01
   2.553816e+01
   2.559687e+01
   2.565558e+01
   2.571429e+01
   2.577299e+01
   2.583170e+01
   2.589041e+01
   2.594912e+01
   2.600783e+01
   2.606654e+01
   2.612524e+01
   2.618395e+01
   2.624266e+01
   2.630137e+01
   2.636008e+01
   2.641879e+01
   2.647750e+01
   2.653620e+01
   2.659491e+01
   2.665362e+01
   2.671233e+01
   2.677104e+01
   2.682975e+01
   2.688845e+01
   2.694716e+01
   2.700587e+01
   2.706458e+01
   2.712329e+01
   2.718200e+01
   2.724070e+01
   2.729941e+01
   2.735812e+01
   2.741683e+01
   2.747554e+01
   2.753425e+01
   2.759295e+01
   2.765166e+01
   2.771037e+01
   2.776908e+01
   2.782779e+01
   2.788650e+01
   2.794521e+01
   2.800391e+01
   2.806262e+01
   2.812133e+01
   2.818004e+01
   2.823875e+01
   2.829746e+01
   2.835616e+01
   2.841487e+01
   2.847358e+01
   2.853229e+01
   2.859100e+01
   2.864971e+01
   2.870841e+01
   2.876712e+01
   2.882583e+01
   2.888454e+01
   2.894325e+01
   2.900196e+01
   2.906067e+01
   2.911937e+01
   2.917808e+01
   2.923679e+01
   2.929550e+01
   2.935421e+01
   2.941292e+01
   2.947162e+01
   2.953033e+01
   2.958904e+01
   2.964775e+01
   2.970646e+01
   2.976517e+01
   2.982387e+01
   2.988258e+01
   2.994129e+01
   3.000000e+01
